1.0 0.0
0.9999999999999999 2.4335320021950577e-142
0.8212832178531068 5.035079733345451e-06
0.5381737350944783 0.014372686315439406
0.7583077451643898 6.794833443093358e-05
-0.09355581119265108 0.694824371684372
nan nan
nan nan
0.4289927175889375 0.05231437541673623
0.5978899382749896 0.005364370591046285
0.8212832178531068 5.035079733345451e-06
0.5381737350944783 0.014372686315439406
1.0 0.0
0.9999999999999999 2.4335320021950577e-142
0.41454577027478223 0.06170001953721205
-0.11405495089992082 0.6320853621949746
nan nan
nan nan
0.7438216420247156 0.00011100897488001954
0.6820804195984269 0.0009238049594155979
0.7583077451643898 6.794833443093358e-05
-0.09355581119265108 0.694824371684372
0.41454577027478223 0.06170001953721205
-0.11405495089992082 0.6320853621949746
0.9999999999999999 3.53210521103521e-150
0.9999999999999998 1.2459683851238692e-139
nan nan
nan nan
-0.03541924222019843 0.878855896976866
-0.4982402879957957 0.02536324032734583
nan nan
nan nan
nan nan
nan nan
nan nan
nan nan
nan nan
nan nan
nan nan
nan nan
0.4289927175889375 0.05231437541673623
0.5978899382749896 0.005364370591046285
0.7438216420247156 0.00011100897488001954
0.6820804195984269 0.0009238049594155979
-0.03541924222019843 0.878855896976866
-0.4982402879957957